.Random.seed <-
c(403L, 10L, -824469567L, 2108992595L, -906132734L, -899299788L, 
1624294327L, 1408000941L, 747702468L, 812969194L, 573776725L, 
23950575L, 1408621302L, -1825036768L, 1017076707L, -932507519L, 
-455659792L, -1572495986L, -316943623L, -1740975989L, -1334372166L, 
-1739461700L, 215617791L, -250596267L, 1335148L, 360624066L, 
-563140579L, -1463330665L, -700004866L, 2050643384L, 1464482203L, 
-2139668487L, -243226808L, -66190730L, -1507370063L, -1252678173L, 
1732729522L, -908421372L, -213996473L, -1206088931L, 776270228L, 
-1014811334L, -746567291L, -1121408417L, 1205521638L, -586875024L, 
1976303763L, -426554063L, 2051455968L, 1288079486L, 809399049L, 
-1943005893L, -675747574L, -1392502548L, -1277958801L, -1632433499L, 
850723932L, 2027471922L, 749814573L, -2028783129L, 474211598L, 
-52086040L, 1373254891L, 2002062729L, 733080856L, 1178382406L, 
-1408378719L, 2057936691L, -314773854L, -1004323436L, 880714775L, 
1829364749L, 152219940L, -239035126L, -389333899L, -232138801L, 
-482674474L, 1810372736L, 92759747L, -1444720543L, 1901035728L, 
564918830L, -1024717863L, -1138994197L, 1323889242L, 632792092L, 
-2017205985L, 1029575029L, -1068298228L, -685155870L, 1060782781L, 
-1893401289L, 1870111198L, -476240104L, -886804869L, -1386185703L, 
634965160L, -2003360170L, 1983529681L, -414436733L, 2030135570L, 
1000098980L, 2088254567L, 300398013L, -1173690572L, 94737562L, 
-1778394395L, -1848785793L, 1324736006L, -791033456L, -1489808333L, 
-1350517807L, 668316032L, -869213090L, -434381911L, -1225727397L, 
1392572010L, 1996643084L, -1607414449L, -1705175547L, 1503141052L, 
-1982931566L, -574105971L, 108588231L, 1949256110L, -883526648L, 
101771275L, -692503319L, 1641733048L, -1163312026L, 748840193L, 
1379656595L, -858004414L, 559643636L, -2030176777L, -2077898259L, 
1489095300L, 716172458L, -434030059L, -1603590481L, -2094316362L, 
854233824L, -901485021L, -838733503L, 1958775856L, 1382102606L, 
2128134841L, 1787213515L, 1025822586L, -1634339204L, 1767453375L, 
1896141717L, -207989844L, -1303946878L, 303177565L, 1726329431L, 
-1770882754L, -345155208L, 1232745051L, 846697913L, 1868228616L, 
-1964991818L, 159551985L, -1703180253L, 704202866L, 362289860L, 
-1948095353L, -2126798755L, -1379195308L, -1638185862L, -732139579L, 
954511647L, 234578086L, 473891376L, -1899300653L, -293144847L, 
-92711392L, -1102233410L, -158677815L, -1929662853L, -1720411062L, 
57140396L, -1331248209L, -535566491L, 214351132L, -1193802382L, 
-1433940499L, -541556185L, -1469279666L, -419391832L, 1827810475L, 
-933769783L, -5946920L, 1606760582L, -1611143839L, -1370662669L, 
-681523358L, -1205710380L, 1337046231L, -127797555L, 1598357092L, 
677608522L, -1802053195L, -1861425905L, -203009514L, -2009985856L, 
1134054019L, 1971271329L, -268502896L, -1569139858L, -614114023L, 
230084011L, 1395182490L, 391144284L, -1940676001L, 937716277L, 
208818636L, 2063870242L, 1908534141L, 677709943L, 1564401054L, 
1018123352L, 1471713723L, -256776359L, 1698481384L, 1697115414L, 
-1389212015L, 1512555331L, 32489042L, 1317958524L, 1557970738L, 
205603440L, -1651011260L, -1423390760L, 1265779834L, -1826919888L, 
2112810684L, -2081181868L, 556006978L, -1402880096L, -1530897220L, 
-1891110448L, -1130692254L, 1523992552L, -1090544692L, 1301888764L, 
-278453262L, 644723840L, -2121293580L, -1714532216L, -1390546630L, 
-161459376L, 203481196L, 1834499220L, -597547694L, 48480992L, 
67644620L, -699880288L, -377074302L, 1663827176L, -1397322516L, 
1854793788L, -1452278670L, -1801913232L, -643620316L, 1056880184L, 
-941112806L, -1330015024L, -1294776772L, 214012052L, -773907326L, 
-1823351872L, -185970372L, -846995824L, -1826474974L, -1743200248L, 
1426400396L, -681769956L, -250687342L, 239502464L, -1052636140L, 
1244149544L, -1087162310L, -1553717040L, 1197287532L, -1574633804L, 
-1465545710L, -137792544L, -2000706612L, -1750732320L, 237807650L, 
-339278552L, 1805406476L, 596263484L, 2057644274L, 1399893232L, 
-1590175932L, -2130015144L, 1629480506L, -1645637392L, -1431001412L, 
789676564L, -1785058110L, 1407122016L, 569090428L, -1276744496L, 
-116381662L, -2146270040L, 987648396L, 964104636L, -424018894L, 
-409692352L, 2006454964L, 1843961160L, 1825056442L, 884249360L, 
-153503508L, -1402135468L, -754582766L, -1885741664L, -2125809716L, 
2078368608L, -951579454L, -64486872L, -1420776020L, -1143850180L, 
-869851278L, -2079072464L, 968078372L, -1913064904L, 1943922394L, 
291132304L, 143968508L, 1651065236L, -1723690174L, -292644352L, 
-1963305924L, 621353552L, -234703710L, -1245759672L, -1672684020L, 
2125295324L, -1477554094L, -56606592L, 605121364L, 152196072L, 
-20528390L, -821481648L, -2063208404L, 957030772L, 1921548946L, 
-1521462688L, -1916595060L, -485448352L, -1821316894L, -1900269400L, 
-160314676L, -487049732L, 1356488626L, 346097648L, 1802347972L, 
178067800L, -913181318L, -583641680L, 1998338492L, 1086343764L, 
-1375801918L, 1570151200L, 550554556L, 1003742288L, -701968414L, 
-2112859288L, 803440460L, -1300845828L, 45316850L, -562032384L, 
-221416332L, -1278014968L, 165271994L, 1713793488L, -804811796L, 
-2145601644L, 1574264018L, 531236960L, -1175629492L, -916998368L, 
1314806402L, -1435915800L, -761302036L, -701804996L, -360191374L, 
-1650970768L, 1074626852L, 1869803064L, -1091297894L, 386303440L, 
-461577796L, 933499540L, 1110959746L, -88149568L, 2081222460L, 
1315448464L, -852233438L, 1818592776L, -1015482612L, 1502107548L, 
-510832622L, 836903808L, 1376538388L, 1057401128L, -222941126L, 
-1479391280L, -1566193044L, 1525554228L, -363461486L, 1659514208L, 
-930934452L, -1209730592L, -347885662L, 1678823336L, 1403823244L, 
796337084L, -938837902L, 712303600L, -1969594300L, -1087568808L, 
-1212604358L, -859185040L, 232501820L, 1752251156L, -1956700478L, 
1043984096L, -1345432452L, -188718896L, 2106479522L, 646201896L, 
-1573272308L, 1523452860L, 970491186L, -1799840576L, 1021890100L, 
71448264L, 732321466L, -1344921456L, 2024409836L, -958694828L, 
1515208338L, -612500704L, 2395084L, -1153389344L, -958108990L, 
-1803931608L, 1634093996L, 284756668L, 57292274L, -1220442576L, 
1753541692L, -637285971L, 928696919L, 125969312L, -759461634L, 
-144983093L, -281485875L, -1811320582L, -1064553672L, -593039135L, 
-1697913965L, 881166260L, -1038664510L, 883134679L, 1282534689L, 
1968168166L, 1462942180L, 773911829L, 1133743423L, 398909656L, 
-1741455114L, 943790851L, -1250907067L, -980614046L, 1675441104L, 
1962752249L, 1431999019L, -464806500L, -1476614710L, 193009343L, 
1706498057L, 496863518L, 1198853324L, 347654301L, -1334104793L, 
768384848L, 438145518L, 1680717467L, -2030626563L, 770342890L, 
241707144L, 1888122417L, -755355485L, 1356883108L, -1936521902L, 
1530941607L, -340278031L, -1592273866L, -454214444L, 1740750949L, 
677595759L, 519922856L, 1169220102L, 861897523L, -1561725035L, 
-1939680270L, -1837111232L, 27457961L, -1195190245L, 1102603756L, 
-1949747718L, -1710472657L, -612831687L, -2128283570L, 1298481308L, 
-662003187L, 1158487671L, 788575872L, -1377905442L, -15145045L, 
-1190532947L, 361106714L, 1148660184L, 1865314881L, 924641523L, 
-468826348L, -1110757726L, 1226270647L, -251513983L, -116514426L, 
994431940L, 659332853L, -1634702497L, -1954884168L, 1363389590L, 
-843210077L, 2013480037L, 1934389634L, -829101328L, 1616486041L, 
-2055126389L, 750101372L, 435598762L, 126483935L, -596964503L, 
876587902L, -527776916L, 906315709L, -1155074937L, -1674033040L, 
-513142002L, -493797317L, 952053533L, -1590125110L, 1540044520L, 
518838737L, -1372173373L, 1536885956L, 408623986L, 785491527L, 
-1880664559L, 1381242774L, 959597300L, 764091525L, -1673035313L, 
-492038968L, 645051750L, 622176147L, -963393291L, 1786683602L, 
608603936L, -1125978359L, -100894661L, 1251224972L, -713956326L, 
936835215L, -1391587367L, 220196974L, -379915268L, -1833672339L, 
553073431L, -177706272L, 534239422L, 167949963L, -1335898867L, 
-1122410182L, 1602834808L, 1809949473L, 1103803347L, -1257481484L, 
385414018L, 2091500055L, -1023250207L, -600416730L, -1994918108L, 
